v3.0 hex words addressed
00: 00000005 00000000 00000000 00000000 06420000 00000619 00000000 00000000
08: 06420000 00000249 00000000 00000000 06420000 00000781 00000000 00000000
10: 07000000 00000431 00000000 00000000 06420000 00000a01 00000000 00000000
18: 001d2411 00000000 00000000 00000000 001d2411 00000000 00000000 00000000
20: 001d2411 00000000 00000000 00000000 001d2411 00000000 00000000 00000000
28: 003d2411 00000000 00000000 00000000 001d1401 00000000 00000000 00000000
30: 06420000 00008201 00000000 00000000 08c50000 00000781 00000000 00000000
38: 08c50000 00000619 00000000 00000000 00854411 00000000 00000000 00000000
40: 00000001 00000000 00000000 00000000 00000001 00000000 00000000 00000000
48: 00000001 00000000 00000000 00000000 00000001 00000000 00000000 00000000
50: 00000001 00000000 00000000 00000000 00000001 00000000 00000000 00000000
58: 00000001 00000000 00000000 00000000 00000001 00000000 00000000 00000000
60: 00000001 00000000 00000000 00000000 00000001 00000000 00000000 00000000
68: 00000001 00000000 00000000 00000000 00000001 00000000 00000000 00000000
70: 00000001 00000000 00000000 00000000 00000001 00000000 00000000 00000000
78: 00000001 00000000 00000000 00000000 00000001 00000000 00000000 00000000
80: 00000001 00000000 00000000 00000000 00000001 00000000 00000000 00000000
88: 00000001 00000000 00000000 00000000 00000001 00000000 00000000 00000000
90: 00000001 00000000 00000000 00000000 00000001 00000000 00000000 00000000
98: 00000001 00000000 00000000 00000000 00000001 00000000 00000000 00000000
a0: 00000001 00000000 00000000 00000000 00000001 00000000 00000000 00000000
a8: 00000001 00000000 00000000 00000000 00000001 00000000 00000000 00000000
b0: 00000001 00000000 00000000 00000000 00000001 00000000 00000000 00000000
b8: 00000001 00000000 00000000 00000000 00000001 00000000 00000000 00000000
c0: 00000001 00000000 00000000 00000000 00000001 00000000 00000000 00000000
c8: 00000001 00000000 00000000 00000000 00000001 00000000 00000000 00000000
d0: 00000001 00000000 00000000 00000000 00000001 00000000 00000000 00000000
d8: 00000001 00000000 00000000 00000000 00000001 00000000 00000000 00000000
e0: 00000001 00000000 00000000 00000000 00000001 00000000 00000000 00000000
e8: 00000001 00000000 00000000 00000000 00000001 00000000 00000000 00000000
f0: 00000001 00000000 00000000 00000000 00000001 00000000 00000000 00000000
f8: 00000001 00000000 00000000 00000000 00000001 00000000 00000000 00000000
